-65.5,-67.0,-63.0,-60.5,-60.0,-59.5,-60.0,-62.0,-63.0,-65.5,-64.5,0
-50.0,-49.0,-47.5,-46.5,-44.5,-43.5,-43.5,-44.5,-45.0,-45.5,-46.5,0
-60.0,-60.0,-59.0,-57.5,-56.0,-55.5,-56.0,-56.0,-57.5,-58.5,-62.0,1
-61.5,-61.5,-60.5,-56.0,-52.5,-52.0,-56.0,-59.5,-60.5,-60.0,-60.0,1
-66.0,-64.5,-59.5,-57.5,-57.0,-56.5,-57.0,-57.0,-57.5,-61.5,-63.0,1
-56.5,-54.5,-53.5,-52.5,-52.0,-51.5,-51.5,-51.5,-53.0,-64.5,-62.0,1
-56.0,-53.5,-52.5,-51.5,-50.0,-49.5,-51.0,-52.0,-52.0,-52.0,-52.0,0
-46.5,-46.0,-46.0,-46.0,-46.0,-45.5,-45.5,-46.0,-46.0,-45.5,-45.5,1
-52.0,-49.5,-48.0,-45.0,-44.0,-43.5,-43.5,-43.5,-44.5,-44.5,-45.0,0
-46.0,-43.5,-39.5,-38.5,-37.5,-37.0,-39.0,-40.0,-42.5,-45.0,-50.0,0
-55.0,-54.5,-55.5,-55.5,-53.0,-51.5,-51.5,-51.5,-53.0,-53.5,-54.5,0
-46.5,-45.5,-42.5,-41.0,-40.5,-40.0,-40.0,-40.5,-41.5,-42.0,-42.5,0
-53.5,-53.5,-53.5,-52.5,-52.0,-51.5,-51.5,-52.0,-53.5,-57.0,-59.0,0
-39.5,-38.0,-36.5,-36.5,-36.5,-36.0,-36.0,-36.0,-36.0,-36.5,-36.5,0
-62.0,-56.5,-52.5,-49.5,-49.5,-49.0,-49.5,-50.5,-54.0,-58.0,-60.0,1
-66.0,-64.0,-61.5,-60.5,-59.0,-57.0,-57.5,-58.0,-57.5,-57.5,-59.5,1
-58.5,-55.5,-63.0,-57.5,-50.5,-49.0,-51.0,-59.0,-64.5,-63.0,-61.0,1
-63.5,-66.0,-67.5,-62.0,-59.0,-58.5,-59.0,-62.0,-61.5,-63.0,-63.0,1
-52.5,-46.5,-44.5,-42.5,-41.0,-40.5,-41.0,-41.5,-42.0,-43.5,-44.0,0
-50.0,-50.0,-49.0,-49.0,-47.5,-46.5,-46.5,-46.5,-47.5,-48.0,-48.0,0
-58.0,-56.5,-55.0,-53.5,-53.0,-52.5,-54.5,-56.0,-54.0,-56.0,-55.5,0
-53.5,-50.0,-48.0,-46.0,-45.5,-44.5,-45.0,-47.0,-49.0,-54.5,-57.5,0
-55.5,-55.5,-54.0,-54.0,-52.0,-51.5,-51.5,-51.5,-51.5,-52.0,-53.0,0
-54.5,-52.5,-50.0,-48.5,-47.0,-46.0,-47.0,-47.0,-47.5,-48.0,-47.5,0
-47.5,-45.5,-43.0,-42.0,-41.0,-40.5,-40.5,-40.5,-42.0,-43.0,-44.0,0
-47.5,-47.5,-46.5,-46.5,-46.0,-45.5,-45.5,-46.0,-47.0,-48.0,-48.5,0
-68.5,-67.5,-66.0,-66.5,-66.0,-65.5,-66.5,-68.0,-69.5,-69.5,-68.0,0
-63.5,-60.5,-58.0,-56.0,-55.0,-53.5,-54.0,-54.0,-54.5,-55.5,-55.5,0
-51.0,-48.0,-54.0,-54.0,-48.5,-41.0,-41.0,-43.0,-45.0,-46.0,-46.5,1
-61.0,-62.0,-64.0,-69.5,-62.0,-60.0,-61.0,-62.5,-66.0,-67.5,-69.5,1
-46.0,-44.0,-43.0,-43.5,-43.5,-42.5,-43.0,-45.5,-48.5,-59.0,-57.5,1
-67.0,-68.5,-68.5,-61.5,-59.5,-58.0,-59.5,-61.5,-62.5,-62.0,-62.0,1
-55.5,-55.0,-55.0,-54.5,-54.5,-53.5,-54.5,-55.5,-56.0,-59.5,-63.5,0
-46.0,-45.0,-44.0,-43.0,-42.5,-42.0,-42.0,-42.5,-43.0,-43.5,-44.0,0
-68.5,-69.5,-69.5,-68.5,-69.5,-65.0,-68.5,-69.0,-69.5,-68.0,-67.5,0
-46.5,-44.5,-43.0,-41.5,-40.0,-39.5,-39.5,-39.5,-40.0,-40.5,-41.5,0
-66.5,-64.0,-63.0,-65.0,-58.5,-57.0,-60.5,-67.0,-63.0,-59.5,-60.5,0
-55.5,-57.5,-61.5,-56.0,-51.0,-49.0,-52.5,-54.5,-51.5,-50.5,-51.5,0
-60.0,-58.5,-56.0,-54.5,-54.0,-53.5,-54.0,-54.5,-55.5,-55.5,-54.0,0
-58.0,-57.5,-57.0,-55.5,-53.5,-53.0,-53.5,-53.5,-55.0,-55.0,-54.5,0
-69.5,-62.5,-62.0,-66.5,-66.5,-59.0,-64.5,-61.0,-63.0,-66.0,-65.5,0
-63.5,-66.0,-64.0,-60.5,-56.0,-55.0,-55.0,-55.5,-56.0,-57.0,-57.0,0
-52.5,-53.0,-52.5,-53.5,-52.5,-51.5,-51.5,-51.5,-53.0,-53.5,-53.0,0
-66.5,-62.5,-64.0,-68.5,-63.0,-59.5,-60.0,-60.5,-60.5,-63.0,-63.5,0
-46.5,-46.5,-46.5,-45.0,-44.5,-44.0,-44.0,-44.5,-45.0,-45.5,-46.5,0
-49.5,-50.0,-49.5,-49.5,-48.0,-47.5,-47.5,-47.5,-49.0,-50.0,-50.5,0
-66.5,-65.0,-65.5,-64.5,-63.5,-63.0,-65.0,-65.0,-68.5,-69.0,-67.5,0
-64.0,-68.0,-63.0,-56.5,-54.0,-52.5,-53.0,-55.0,-57.5,-56.5,-56.0,0
-65.0,-63.0,-64.5,-66.5,-64.0,-62.0,-64.0,-68.5,-64.5,-62.0,-63.0,0
-68.5,-68.0,-67.5,-64.5,-63.5,-62.5,-64.0,-65.5,-65.0,-65.5,-62.5,0
-64.0,-68.0,-62.5,-64.0,-62.0,-61.5,-66.0,-66.5,-68.0,-65.5,-68.5,0
-65.0,-64.5,-62.5,-66.0,-61.0,-60.0,-61.0,-61.5,-65.0,-63.0,-63.5,0
-63.0,-64.0,-63.5,-60.0,-59.0,-58.5,-60.5,-61.5,-59.5,-63.0,-64.5,0
-65.0,-67.5,-64.5,-62.0,-60.5,-59.5,-60.5,-59.5,-61.0,-63.0,-65.0,0
-66.5,-64.5,-61.5,-62.5,-68.0,-61.0,-61.0,-64.0,-68.0,-65.5,-63.0,0
-68.5,-64.5,-68.5,-63.5,-62.5,-61.5,-66.5,-62.0,-62.0,-63.0,-67.5,0
-64.0,-61.0,-63.0,-68.0,-61.0,-60.0,-61.5,-66.0,-62.0,-60.5,-64.0,0
-65.5,-66.0,-66.0,-68.0,-62.5,-62.0,-68.5,-63.0,-65.0,-68.5,-68.0,0
